500046302
500046414
500048091
500048214
500045926
500044592
500046325
500046383
500048222
500045682
500046516
500046287
500047520
500046661
500046324
500047457
500045830
500046197
500046787
500046177
500046254
500046363
500047130
500046707
500048138
500044598
500046288
500045691
500047707
500046642
500048095
500046555
500046780
500044601
500047259
500046553
500047344
500046494
500045614
500046191
500046500
500044730
500046398
500048218
500044700
500046219
500048038
500046704
500044739
500047300
500046481
500046777
500044834
500046235
500046649
500045745
500044807
500045731
500046443
500046311
500044400
500044736
500048252
500046508
500046641
500047286
500044648
500046917
500045350
500048134
500048411
500048406
500047452
500048412
500047314
500048400
500046792
500048413
500048717