500046288
500046641
500046177
500046516
500046642
500044601
500044736
500048091
500045926
500046481
500047300
500046324
500045614
500048222
500046500
500046363
500048252
500045731
500046777
500046398
500044592
500046219
500048412
500046191
500044700
500046553
500046302
500047452
500044730
500047520
500045682
500048218
500046707
500046508
500047259
500046235
500046325
500047707
500047286
500044598
500046661
500046287
500046555
500048400
500046787
500046311
500045830
500046780
500048411
500048134
500046414
500048406
500044739
500046197
500041148
500045745
500048413
500044834
500048717
500044400
500045350
500046494